Mesh size (mm),Fraction (g),Fraction (%),Cumulative % weight passing
0.71,1.00,1.39,1.39
1.00,1.70,2.36,3.75
1.40,8.60,11.94,15.69
2.00,7.20,10.00,25.69
2.80,17.70,24.58,50.28
4.00,20.50,28.47,78.75
5.60,11.40,15.83,94.58
8.00,2.30,3.19,97.78
11.20,1.60,2.22,100.00
Sum,72.00,100.00,
